$ANSIBLE_VAULT;1.1;AES256
30323864333539663534653739326539636334376466656338663230646262656637303363663031
3361333139383830373062306666343637333130633966300a323561643366623263653036623039
32386634333738343036653737363039313435636630343731306631326336626231313365653333
3565373863313333650a623263336263336434346465383265633736656538663836653933333936
63646366353131316134343361666463393232323664663635653531646664626461626232373866
63633063333333316661353061646330333662363933393832336166636438303937616665643263
32363462393536303162616131313464663064316562656564383537343539636431343564396530
34333164666637623634633665353633393634323935646134393434326238376564633333333561
39663831666439323438343839646638353436396366656632386239343661633538373832616132
33653337633266653364636165336331646432623064643835333636313234326462396337653930
65623464396161623037663937353335326433393561376337666334376137353330663637653136
39613435323333373963666136623536383133656131373738633836373065333731386463303236
62383837643532346534313366303837633438643137316537303533306161653838626130323436
64653736336332633831616561396239386432303463636434303233653165303937633638376130
62303964346562373535363461336363653062343461393234363265393061623733613562393933
37313962336336363066613130613635316431383438373565326134373161306332626334626162
30353636383230386334646564636433323461646437393030636438633365663538353765353137
30376432663234393838326365613538323734333231383430613465366432643365373464366635
32653962656263333633373331666136343132373263343535616266656634383334323365396466
39343537653837373364393764333866656138636632313136613163353834643331366563636165
64316533626165633334363633613433653533333536383736396561373934386535316265383330
39326131336264346232326436643434653261393935363738363163383731346639623762366263
36363837333132353263643265383739643262373537333835373531663834643633376335306166
64366631613730346266336131376565356631316233393563353533623739663434616530393737
61353634343135633634663962633039613662323464633038316134313530373138396233343163
31643133656432633832326261333761373066376333333865373037646439316162353436303033
66306363336638666636316536393737333165366265303537303531356238306234356662353731
38636437313764376564313532666135303833323237306566323034633833326664626236343132
61316439616339396235303030386638643338643032346165333866373338323235623933626564
30646335663134383036383330386236623531333931373766326262633833303036336631333962
33663433633431353139633633303264333864396636343132393564393761363135323461353436
62383531636337313063626566623666326238643039323536656134373238313766383962366366
66663535303139373964306235656666623739363330313532656533653330616638343961623032
33613566346433616636653939326366356666663438316530323439643534643662303337643332
33363962653062353734636665646666336462323832663138656562393431363230663837323136
31626166653632376637663862333434353263363431613734623736373834396330663565326630
31313862663236666336366662353866363564623764643663373630656363323232313338346332
36343161636337656363313761613939323064633661666165373730373138366563303232636232
63643934386661646466333934623465353839336364396430343930613863303366653764663633
65623665613035326533303631323831616137313939333762356433393461646636386163343965
36316639333732353437326133356630356238646237613938383565653062643737363932633166
33333838653333363137623532656266636166353061636463376230393434336238323430323035
33313935323939393265623434626162333937366333356438306131666265653564353933393731
65306331646361313966656337316531363337363266653265306235633862313564366166653566
30336566306264373539633931613030626639653934363363616637386333336564643436313565
34373734613764663231353934653335623838393230343561393564383936653436353862356536
36623761386338373530353761643862626566333234333237393634316161363239366630643335
63653734653837363965333662376536326531353535393861303664303864323439666436303563
62626466313436356139333931633134626433366138316666363538363739643539366536636232
65663562313632343531316336326664393636303639343064343163333364343665303531386231
65366330303961613836336337396335363636356534386636323736326664623739363431376438
38383935363264373163653263373932363564663138393033353665333633306339336165343639
36613138366230636231356534643964633330626364396266386363353061373863316434323465
39316432396331366235333263666632626531353561396639343130663835666338363930313761
65666561666563353466383231653933633261333434343331386130393166653630303361343865
30346531326666356135386436643332383963623638333638656237313934363665383131333866
30646163613265303438633163323264613631623161613932346365326663346462363365643062
30333937313431316334343632376636663637326231386162393531616362343130373766643464
66623966623761376362303835323537343763306133626233346135656263643731643836366539
34303934353033656663306630376435653334373535356233363036333234616232396432333162
64323934383263633966393465663463616633386331656664356266656234626562366132663730
31616165313665373238333635393266333936383563366165313331333334316333366430356231
61323865323866643465343239366165396637376565313932316463306363373031623964313762
66626339633037363332333861303266626137386435303831323837633365303864323936313938
31313233303131383835376631373330393063303235636533323633373964616238653039393135
65616463633034373230636330353935336535656266376635623261366636383634653936323839
63383630363139633739326139333662626332643137616235303731653763613030613732363334
61323865336137613535363430353939303634353464373064306631313666643262346561316636
39626365316231323133656166626334616334653839346332663432303938646536613365333536
39646430393462613163333665616162626539636262323837333833663563663936666364623436
33646538636235643234323666343663386435656262323364396633643230306639346632333035
33623435373538633934656265346333326361333434626562626431613765653766356265326138
33313466313261653562653337373031663863646265333363336561643031316236353266613735
61373537376665653630383062623638306164313439623963346237323463303839643166383733
34313964383139626239303761616538336631306362346163646431623932366135336132613163
65346266383636303561376565316463653437333532306533333432626334363561653730633035
39666162363963396135353061323038366465316162333031336263343731336661366666373234
62316135336631663232363561616661343763376630653234663831633837383934613939353731
63643733383738393339643232333238373463653961386130333531336665343061323061663930
38336136303238333538636138383363653631613761386131666134663666363633333430633630
66363435376565646363653066323865643631306334643261653062616164643932613362636332
31626466313763353463333266306438306531666238623262343564623932353963636263373433
64316162643261376161383733306362343539643134353331373530316133356564306634663238
33313430613264646332316265356532623263366366623833386138333764303764356163306462
62323362393334363635393137316631646133306665353639663934626131613363313666343063
36333431353235373462623438623333393866653332663965653437663430333563343734643239
39303135613932323635613739636233306339616237656636626136616336396336393738323439
66396537353833373763393830326637336265643135343730613130356466616361613235323434
63353835653662326562373733323536363166393035663062383434613332336461646539346639
35353033386233343664323539316338633032306566626364326535656561323763633863353034
61636266323531393036353065313534653964633366643532613939323939393562376562333234
37623866336330643765376566316439393266336134653362343630396261663531343435356364
62643239613366623664326432313237663336643165643838383239343738636538653034303730
38633839653165323538356662613464323339333433313966306537336236306537666166663330
63616530656335303065653362303635346635323266376536383464346566656333636466313964
65346631666237326363346634326235313430353833613763663939346366346230313637363135
35633137643732336132306266366161653830646461633138653936613166383966316434363863
38363862303832306530316563653932353861613639653231323766323663373935336632323538
65663333623334356563363062333065373864306165613965613966303162393365376339396563
37636364333437393437383865356561363835313339316538643735336465343063623663616631
65633330356264343336333533343062323436373137313561326266363935386431343364613930
35333962356562323731333039326135376562653036386531663934316633346435653736646530
31356666333561646265346361653837663761656334356566303462306561326539363637656537
32343237326130356637643162616661326331653237356533396439656333663062353439653133
37363665333562316636356437646630363738386139333434373532663164656162386637326634
39333164346339653336303137376639313132356338333731636430316636643839336466393234
33353966633139323430663838336532396134383665616534633434316564646365363439643530
37366530646232633665343535623637306261316333393330323663346436316333343064666538
64363134633038336533646363306434626461343964306639336161306637366465343533663433
34636530356466643237633434346266643861376131666338346265613338356465626532353063
61316165336332346136323732333431643534643337653539343334376133393439393039333635
65353333343735623832316363336430346363373466373938376635373738653863623139333336
66336262663263393464353931313335363265393764363864376534303265326239333430356531
38653761303131333037623863373634643837663539643639666539356265613631623637366130
36643237383232316435363331396330366465626534383636663730336132656164396332646634
64643562336263393437333064323264393864396237326633323532336539353238383239343662
64666531333466303764356631663935666131376438636566663062373765373261646536303833
38303439336138356531383539343930353638653762373536343064626164646631643332653964
36383331643039666162363465663533633935396134346637376261666537346434323165636631
31396437633832323035626438316231363566613430346230316436613730343134653161353435
39633037643332356335383464393134313830336437666332623435383234636438353934323736
62653632613337623633343865323265646563323061333763326535343933303866363230316630
35623364653164316264316533333861343961666265373333666333386234363938316361393362
30373862366235336338643135653436316361346636333262663166666130383835386637393631
61623031386430336334333338323363653732356433663033636139643963666339656437636631
34623438333035643865303463333631313231323065626163316536333033653662653033306464
32613839373132643339366138326630313435383961363063353538316638343466353462326162
35303838646266626132393264313130366139633063306331326233336565316238663166373963
61356663313062633330633636343336306361653562326535383038346637656464306138393839
31346335396663636536353063353665393133636334303833613934353638366339376666346133
63393938633238303266363936646537656234373532366662633030353439646439303063316637
31633133383132356531363864366336303737393739616362633465333830343737646434303639
64316632386233343132343138386338653662393831643637643565643337366339323238613833
62333434303164333439666137366162626264386339343238316535326464313266303236303631
336337366238646532373565646331306334
